image: /home/abot/8C8PE4/src/robot_slam/maps/shoot_lab.pgm
resolution: 0.020000
origin: [-1.000000, -13.800000, 0.000000]
negate: 0
occupied_thresh: 0.65
free_thresh: 0.196
